MoorDyn Waves and Currents input file
...any notes here...
--------------------------- WAVES -------------------------------------
1                    WaveKinMod  - type of wave input {0 no waves; 3 set up grid of wave data based on time series}
"wave_elevation.txt"       WaveKinFile - file containing wave elevation time series at 0,0,0
0.1                  dtWave      - time step to use in setting up wave kinematics grid (s)
0                    WaveDir     - wave heading (deg)
1                                - X wave input type (0: not used; 1: list values in ascending order; 2: uniform specified by -xlim, xlim, num)
-50.0 -49.49748743718593 -48.99497487437186 -48.49246231155779 -47.98994974874372 -47.48743718592965 -46.984924623115575 -46.482412060301506 -45.97989949748744 -45.47738693467337 -44.9748743718593 -44.472361809045225 -43.969849246231156 -43.46733668341709 -42.96482412060301 -42.462311557788944 -41.959798994974875 -41.45728643216081 -40.95477386934674 -40.45226130653266 -39.949748743718594 -39.447236180904525 -38.94472361809045 -38.44221105527638 -37.93969849246231 -37.437185929648244 -36.934673366834176 -36.4321608040201 -35.92964824120603 -35.42713567839196 -34.92462311557789 -34.42211055276382 -33.91959798994975 -33.41708542713568 -32.91457286432161 -32.41206030150754 -31.90954773869347 -31.4070351758794 -30.90452261306533 -30.402010050251256 -29.899497487437188 -29.39698492462312 -28.894472361809047 -28.391959798994975 -27.889447236180906 -27.386934673366838 -26.884422110552766 -26.381909547738694 -25.879396984924625 -25.376884422110557 -24.874371859296485 -24.371859296482413 -23.869346733668344 -23.366834170854275 -22.864321608040203 -22.36180904522613 -21.859296482412063 -21.356783919597994 -20.854271356783922 -20.35175879396985 -19.84924623115578 -19.346733668341713 -18.84422110552764 -18.34170854271357 -17.8391959798995 -17.336683417085432 -16.834170854271363 -16.331658291457288 -15.82914572864322 -15.32663316582915 -14.824120603015075 -14.321608040201006 -13.819095477386938 -13.31658291457287 -12.8140703517588 -12.311557788944725 -11.809045226130657 -11.306532663316588 -10.804020100502512 -10.301507537688444 -9.798994974874375 -9.296482412060307 -8.793969849246238 -8.291457286432163 -7.788944723618094 -7.286432160804026 -6.78391959798995 -6.2814070351758815 -5.778894472361813 -5.276381909547744 -4.773869346733676 -4.2713567839196 -3.7688442211055317 -3.266331658291463 -2.7638190954773876 -2.261306532663319 -1.7587939698492505 -1.256281407035182 -0.7537688442211135 -0.2512562814070378 0.2512562814070307 0.7537688442210992 1.2562814070351749 1.7587939698492434 2.261306532663312 2.7638190954773805 3.266331658291449 3.7688442211055246 4.271356783919593 4.773869346733662 5.276381909547737 5.778894472361806 6.281407035175874 6.783919597989943 7.2864321608040115 7.788944723618087 8.291457286432156 8.793969849246224 9.2964824120603 9.798994974874368 10.301507537688437 10.804020100502505 11.306532663316574 11.80904522613065 12.311557788944718 12.814070351758787 13.316582914572862 13.81909547738693 14.321608040201 14.824120603015075 15.326633165829136 15.829145728643212 16.331658291457273 16.83417085427135 17.336683417085425 17.839195979899486 18.34170854271356 18.844221105527637 19.3467336683417 19.849246231155774 20.35175879396985 20.85427135678391 21.356783919597987 21.85929648241205 22.361809045226124 22.8643216080402 23.36683417085426 23.869346733668337 24.3718592964824 24.874371859296474 25.37688442211055 25.87939698492461 26.381909547738687 26.884422110552762 27.386934673366824 27.8894472361809 28.391959798994975 28.894472361809036 29.396984924623112 29.899497487437174 30.40201005025125 30.904522613065325 31.407035175879386 31.909547738693462 32.41206030150752 32.9145728643216 33.417085427135675 33.919597989949736 34.42211055276381 34.92462311557789 35.42713567839195 35.929648241206024 36.4321608040201 36.93467336683416 37.43718592964824 37.9396984924623 38.442211055276374 38.94472361809045 39.44723618090451 39.94974874371859 40.45226130653265 40.954773869346724 41.4572864321608 41.95979899497486 42.46231155778894 42.96482412060301 43.467336683417074 43.96984924623115 44.472361809045225 44.974874371859286 45.47738693467336 45.97989949748742 46.4824120603015 46.984924623115575 47.487437185929636 47.98994974874371 48.49246231155777 48.99497487437185 49.497487437185924 50.0 - X wave grid point data
1                                - Y wave input type (0: not used; 1: list values in ascending order; 2: uniform specified by -xlim, xlim, num)
-50.0 50.0                       - Y wave grid point data
1                                - Z wave input type (0: not used; 1: list values in ascending order; 2: uniform specified by -xlim, xlim, num)
-100.0 -97.65306122448979 -95.3061224489796 -92.95918367346938 -90.61224489795919 -88.26530612244898 -85.91836734693878 -83.57142857142857 -81.22448979591837 -78.87755102040816 -76.53061224489795 -74.18367346938776 -71.83673469387755 -69.48979591836735 -67.14285714285714 -64.79591836734693 -62.44897959183673 -60.10204081632653 -57.755102040816325 -55.40816326530612 -53.06122448979592 -50.71428571428571 -48.367346938775505 -46.0204081632653 -43.6734693877551 -41.326530612244895 -38.97959183673469 -36.63265306122449 -34.28571428571428 -31.93877551020408 -29.59183673469387 -27.244897959183675 -24.897959183673464 -22.551020408163254 -20.204081632653057 -17.857142857142847 -15.51020408163265 -13.16326530612244 -10.816326530612244 -8.469387755102034 -6.122448979591837 -3.775510204081627 -1.4285714285714164 0.9183673469387799 3.2653061224489903 5.612244897959187 7.959183673469397 10.306122448979593 12.653061224489804 15.0                      - Z wave grid point data
--------------------------- CURRENT -------------------------------------
1                    CurrentMod  - type of current input {0 no current; 1 steady current profile described below}
z-depth     x-current      y-current
(m)           (m/s)         (m/s)
-200.0 0.0 0 
-197.97979797979798 0.01063264221158955 0
-195.95959595959596 0.02126528442317921 0
-193.93939393939394 0.03189792663476876 0
-191.91919191919192 0.04253056884635831 0
-189.8989898989899 0.05316321105794797 0
-187.87878787878788 0.06379585326953752 0
-185.85858585858585 0.07442849548112707 0
-183.83838383838383 0.08506113769271662 0
-181.8181818181818 0.09569377990430628 0
-179.7979797979798 0.10632642211589582 0
-177.77777777777777 0.11695906432748537 0
-175.75757575757575 0.12759170653907503 0
-173.73737373737373 0.13822434875066458 0
-171.7171717171717 0.14885699096225413 0
-169.6969696969697 0.1594896331738438 0
-167.67676767676767 0.17012227538543334 0
-165.65656565656565 0.1807549175970229 0
-163.63636363636363 0.19138755980861244 0
-161.6161616161616 0.2020202020202021 0
-159.59595959595958 0.21265284423179165 0
-157.57575757575756 0.2232854864433812 0
-155.55555555555554 0.23391812865497086 0
-153.53535353535352 0.2445507708665604 0
-151.5151515151515 0.25518341307814996 0
-149.49494949494948 0.2658160552897396 0
-147.47474747474746 0.27644869750132917 0
-145.45454545454544 0.2870813397129187 0 
-143.43434343434342 0.2977139819245084 0 
-141.4141414141414 0.3083466241360979 0 
-139.39393939393938 0.3189792663476875 0 
-137.37373737373736 0.329611908559277 0 
-135.35353535353534 0.3402445507708667 0 
-133.33333333333331 0.35087719298245623 0 
-131.3131313131313 0.3615098351940458 0 
-129.29292929292927 0.37214247740563544 0 
-127.27272727272727 0.3827751196172249 0 
-125.25252525252525 0.39340776182881454 0 
-123.23232323232322 0.4040404040404041 0 
-121.2121212121212 0.41467304625199364 0 
-119.19191919191918 0.4253056884635833 0 
-117.17171717171716 0.43593833067517285 0 
-115.15151515151514 0.4465709728867624 0 
-113.13131313131312 0.45720361509835195 0 
-111.1111111111111 0.4678362573099416 0 
-109.09090909090908 0.47846889952153115 0 
-107.07070707070706 0.4891015417331207 0 
-105.05050505050504 0.49973418394471036 0 
-103.03030303030303 0.5103668261562999 0 
-101.01010101010101 0.5209994683678894 0 
-98.98989898989899 0.531632110579479 0 
-96.96969696969697 0.5422647527910686 0 
-94.94949494949495 0.5528973950026581 0 
-92.92929292929293 0.5635300372142478 0 
-90.9090909090909 0.5741626794258373 0 
-88.88888888888889 0.5847953216374269 0 
-86.86868686868686 0.5954279638490165 0 
-84.84848484848484 0.6060606060606061 0 
-82.82828282828282 0.6166932482721956 0 
-80.8080808080808 0.6273258904837853 0 
-78.78787878787878 0.6379585326953748 0 
-76.76767676767676 0.6485911749069644 0 
-74.74747474747474 0.659223817118554 0 
-72.72727272727272 0.6698564593301436 0 
-70.7070707070707 0.6804891015417331 0 
-68.68686868686868 0.6911217437533228 0 
-66.66666666666666 0.7017543859649124 0 
-64.64646464646464 0.7123870281765019 0 
-62.626262626262616 0.7230196703880916 0 
-60.606060606060595 0.733652312599681 0 
-58.585858585858574 0.7442849548112707 0 
-56.56565656565655 0.7549175970228602 0 
-54.54545454545453 0.7655502392344499 0 
-52.52525252525251 0.7761828814460394 0 
-50.50505050505049 0.786815523657629 0 
-48.48484848484847 0.7974481658692185 0 
-46.46464646464645 0.8080808080808082 0 
-44.44444444444443 0.8187134502923977 0 
-42.42424242424241 0.8293460925039873 0 
-40.40404040404039 0.8399787347155769 0 
-38.383838383838366 0.8506113769271665 0 
-36.363636363636346 0.861244019138756 0 
-34.343434343434325 0.8718766613503457 0 
-32.323232323232304 0.8825093035619352 0 
-30.303030303030283 0.8931419457735248 0 
-28.282828282828262 0.9037745879851145 0 
-26.26262626262624 0.914407230196704 0 
-24.24242424242422 0.9250398724082936 0 
-22.2222222222222 0.9356725146198832 0 
-20.20202020202018 0.9463051568314728 0 
-18.18181818181816 0.9569377990430623 0 
-16.161616161616138 0.9675704412546519 0 
-14.141414141414117 0.9782030834662415 0 
-12.121212121212096 0.9888357256778311 0 
-10.101010101010075 0.9994683678894206 0 
-8.080808080808055 0.8080808080808055 0 
-6.060606060606062 0.6060606060606062 0 
-4.0404040404040416 0.4040404040404042 0 
-2.0202020202020208 0.2020202020202021 0 
0.0 0.0 0 
--------------------- need this line ------------------